
0 566 2390
0 597 2294
1 500 2460
2 610 2447
3 670 2500
4 500 2361
5 577 2527
6 1000 2500
7 437 2585
8 566 2540
9 662 2537
10 625 2553
11 580 2390
12 636 2580
13 566 2480
14 626 2455
15 616 2440
0 566 2390
0 566 2390
0 566 2390
0 566 2390
0 566 2390
0 566 2390
0 566 2390
0 566 2390
0 566 2390
0 566 2390
0 566 2390
0 566 2390
0 566 2390
0 566 2390
10 566 2390
0 566 2390
0 597 2294
1 500 2460
2 610 2447
3 670 2500
4 500 2361
5 577 2527
6 1000 2500
7 437 2585
8 566 2540
9 662 2537
10 625 2553
11 580 2390
12 636 2580
13 566 2480
14 626 2455
15 616 2440
