#Trying hand movement but these values cause the program to freeze and throw i2c errors
[-25, 0.0, 0.0, 40, 0.0, 0.0, 6.0, 0.0, 0.0, 0.0, -17.0, 6.0, 0.0, 0.0, 0.0, 13.0],
[-10, 0.0, 0.0, 25, 0.0, 0.0, 6.0, 0.0, 0.0, 0.0, -17.0, 6.0, -10.0, 0.0, 10.0, 10.0],
[0.0, 0.0, 0.0, 0.0, 0.0, 0.0, 6.0, 0.0, 0.0, 0.0, 0.0, 6.0, -10.0, 0.0, 0.0, 0.0],
[-25, 0.0, 0.0, 40, 0.0, 0.0, 6.0, 0.0, 0.0, 0.0, 13.0, 6.0, 0.0, 0.0, 0.0, -17.0],
[-10, 0.0, 0.0, 25, 0.0, 0.0, 6.0, -10.0, 0.0, 10.0, 10.0, 6.0, 0.0, 0.0, 0.0, -17.0],
[0.0, 0.0, 0.0, 0.0, 0.0, 0.0, 6.0, -10.0, 0.0, 0.0, 0.0, 6.0, 0.0, 0.0, 0.0, 0.0],


[-15, 0, 0, 30, 0, 0, 6, 10, 0, 0, -15, 6, -15, 0, 0, 10],
[15, 0.0, 0.0, -10, 0.0, 0.0, 6.0, 10, 0.0, 0.0, 0, 6.0, -15, 0.0, 0.0, -5],
[30, 0, 0, -15, 0, 0, 6, -15, 0, 0, 10, 6, 10, 0, 0, -15],
[0, 0, 0, 0, 0, 0, 6, 0, 0, 0, 0, 6, 10, 0, 0, 0],
[15, 0, 0, -30, 0, 0, 6, 0, 0, 0, 10, 6, 10, 0, 0, -15],
[0, 0, 0, 0, 0, 0, 6, 0, 0, 0, 0, 6, 10, 0, 0, 0],


[0, 0, 0, -38, 30, 0, 26, 25, 0, -20, -20, -2, 0, 0, 0, 15],
[0.0, 0.0, 0.0, -38.0, 30.0, 0.0, 26.0, 30, 0.0, -20.0, -10, -2.0, 0.0, 0.0, 0.0, 15.0],
[0.0, 0.0, 0.0, -38.0, 30.0, 0.0, 26.0, 35, 0.0, -20.0, -10, -2.0, 0.0, 0.0, 10, 15.0],
[0, 30, 0.0, -3, 0, 0.0, 26.0, 35, 0.0, -15, -5, -2.0, 0.0, 0.0, 10, -5],
[35, 30, 0.0, -3, 0, 0.0, 16, 10, 0.0, 0, 5, -2.0, 0, 0.0, 10, -15],
[0.0, 30.0, 0.0, -3.0, 0.0, 0.0, -4, 20, 0.0, -15.0, 15, 28, 0.0, 0.0, 10.0, -20],
[0.0, 0.0, 0.0, 37, 30.0, 0.0, 26.0, 45, 5, -15, -10, -2.0, 0.0, 0.0, 0.0, 15.0],
[0.0, 0.0, 0.0, 37, 30.0, 0.0, 26, 60, 20, -15, 5, -2.0, 0.0, 0.0, 0, -5],
[30, 35, 0.0, 2, 0, 0.0, 26, 60, 15, -15, 5, -2.0, 0.0, 0.0, 0, -5],
[30, 0.0, 0.0, -10, 0.0, 0.0, 6.0, 0.0, 0.0, 0.0, -17.0, 6.0, 0.0, 0.0, 0.0, 13.0],
[0.0, 0.0, 0.0, 0.0, 0.0, 0.0, 6.0, 0.0, 0.0, 0.0, 0.0, 6.0, -10.0, 0.0, 0.0, 0.0],
[25, 0.0, 0.0, -20, 0.0, 0.0, 6.0, 0.0, 0.0, 0.0, 13.0, 6.0, 0.0, 0.0, 0.0, -17.0],
[0.0, 0.0, 0.0, 0.0, 0.0, 0.0, 6.0, 0.0, 0.0, 0.0, -5.0, 6.0, 0.0, 0.0, 0.0, -5.0],
[0.0, 0.0, 0.0, 0.0, 0.0, 0.0, 6.0, 0.0, 0.0, 0.0, -5.0, 6.0, 0.0, 0.0, 0.0, -5.0],
[-5, 0.0, 0.0, 20, 0.0, 0.0, 6.0, 0.0, 0.0, 0.0, -17.0, 6.0, 0.0, 0.0, 0.0, 13.0],
[0, 0, 0, 0, 0, 0, 6, 0, 0, 0, -5, 6, 0, 0, 0, -5],
[0.0, 0.0, -50, 0.0, 0.0, 0.0, 6.0, 0.0, 0.0, 0.0, -5.0, 6.0, 0.0, 0.0, 0.0, -5.0],
[0.0, 0.0, 0.0, 0.0, 0.0, 0.0, 6.0, 0.0, 0.0, 0.0, -5.0, 6.0, 0.0, 0.0, 0.0, -5.0],
[-10, 0.0, 0.0, 20, 0.0, 0.0, 6.0, 0.0, 0.0, 0.0, -17.0, 6.0, 0.0, 0.0, 0.0, 13.0],
[0.0, 0.0, 0.0, 0.0, 0.0, 0.0, 6.0, 0.0, 0.0, 0.0, 0.0, 6.0, -10.0, 0.0, 0.0, 0.0],
**********

self.walk_points=[
                            [0,0,0,    0,0,0,    6,-10,0,0,0,      6,0,0,0,0],
                            [0,0,0,    0,0,0,    6,0,0,0,-17,    6,0,0,0,13],
                            [0,0,0,    0,0,0,    6,0,0,0,-17,    6,-10,0,10,10],
                            [0,0,0,    0,0,0,    6,0,0,0,0,      6,-10,0,0,0],
                            [0,0,0,    0,0,0,    6,0,0,0,13,    6,0,0,0,-17],
                            [0,0,0,    0,0,0,    6,-10,0,10,10,     6,0,0,0,-17]
                        ]

**********


[0.0, 0.0, 0.0, 0.0, 0.0, 0.0, 6.0, 0.0, 0.0, 0.0, -5.0, 6.0, 0.0, 0.0, 0.0, -5.0]
[-15, 0.0, 0.0, 25, 0.0, 0.0, 6.0, 0.0, 0.0, 0.0, -17.0, 6.0, 0.0, 0.0, 0.0, 13.0]
[-10, 0, 0.0, 15, 0.0, 0.0, 6.0, 0.0, 0.0, 0.0, -17.0, 6.0, -10.0, 0.0, 10.0, 10.0]
[0.0, 0.0, 0.0, 0.0, 0.0, 0.0, 6.0, 0.0, 0.0, 0.0, 0.0, 6.0, -10.0, 0.0, 0.0, 0.0]
[30, 0.0, 0.0, -10, 0.0, 0.0, 6.0, 0.0, 0.0, 0.0, 13.0, 6.0, 0.0, 0.0, 0.0, -17.0]
[15, 0.0, 0.0, -15, 0.0, 0.0, 6.0, -10.0, 0.0, 10.0, 10.0, 6.0, 0.0, 0.0, 0.0, -17.0]
[0.0, 0.0, 0.0, 0.0, 0.0, 0.0, 6.0, -10.0, 0.0, 0.0, 0.0, 6.0, 0.0, 0.0, 0.0, 0.0]


*****************

[0.0, 0.0, 0.0, 0.0, 0.0, 0.0, 6.0, 0.0, 0.0, 0.0, -5.0, 6.0, 0.0, 0.0, 0.0, -5.0],
[-15, 0.0, 0.0, 25, 0.0, 0.0, 6.0, 0.0, 0.0, 0.0, -17.0, 6.0, 0.0, 0.0, 0.0, 13.0],
[-10, 0, 0.0, 15, 0.0, 0.0, 6.0, 0.0, 0.0, 0.0, -17.0, 6.0, -10.0, 0.0, 10.0, 10.0],
[0.0, 0.0, 0.0, 0.0, 0.0, 0.0, 6.0, 0.0, 0.0, 0.0, 0.0, 6.0, -10.0, 0.0, 0.0, 0.0],
[30, 0.0, 0.0, -10, 0.0, 0.0, 6.0, 0.0, 0.0, 0.0, 13.0, 6.0, 0.0, 0.0, 0.0, -17.0],
[15, 0.0, 0.0, -15, 0.0, 0.0, 6.0, -10.0, 0.0, 10.0, 10.0, 6.0, 0.0, 0.0, 0.0, -17.0],
[0.0, 0.0, 0.0, 0.0, 0.0, 0.0, 6.0, -10.0, 0.0, 0.0, 0.0, 6.0, 0.0, 0.0, 0.0, 0.0],
