Enter Pin number:15
previous angle:0
Enter Angle:6
[(0, 0), (1, 0), (2, 0), (3, 0), (4, 0), (5, 0), (6, 0), (7, 0), (8, 0), (9, 0), (10, 0), (11, 0), (12, 0), (13, 0), (14, 0), (15, 6)]
Enter Pin number:11
previous angle:0
Enter Angle:5
[(0, 0), (1, 0), (2, 0), (3, 0), (4, 0), (5, 0), (6, 0), (7, 0), (8, 0), (9, 0), (10, 0), (11, 5), (12, 0), (13, 0), (14, 0), (15, 6)]
Enter Pin number:15
previous angle:6
Enter Angle:-5
[(0, 0), (1, 0), (2, 0), (3, 0), (4, 0), (5, 0), (6, 0), (7, 0), (8, 0), (9, 0), (10, 0), (11, 5), (12, 0), (13, 0), (14, 0), (15, -5)]
Enter Pin number:10
previous angle:0
Enter Angle:-5
[(0, 0), (1, 0), (2, 0), (3, 0), (4, 0), (5, 0), (6, 0), (7, 0), (8, 0), (9, 0), (10, -5), (11, 5), (12, 0), (13, 0), (14, 0), (15, -5)]
Enter Pin number:7
previous angle:0
Enter Angle:r5
[(0, 0), (1, 0), (2, 0), (3, 0), (4, 0), (5, 0), (6, 0), (7, 5), (8, 0), (9, 0), (10, -5), (11, 5), (12, 0), (13, 0), (14, 0), (15, -5)]
Enter Pin number:10
previous angle:-5
Enter Angle:r-5
[(0, 0), (1, 0), (2, 0), (3, 0), (4, 0), (5, 0), (6, 0), (7, 5), (8, 0), (9, 0), (10, -10), (11, 5), (12, 0), (13, 0), (14, 0), (15, -5)]
Enter Pin number:8
previous angle:0
Enter Angle:r-5
[(0, 0), (1, 0), (2, 0), (3, 0), (4, 0), (5, 0), (6, 0), (7, 5), (8, -5), (9, 0), (10, -10), (11, 5), (12, 0), (13, 0), (14, 0), (15, -5)]
Enter Pin number:15
previous angle:-5
Enter Angle:r13
[(0, 0), (1, 0), (2, 0), (3, 0), (4, 0), (5, 0), (6, 0), (7, 5), (8, -5), (9, 0), (10, -10), (11, 5), (12, 0), (13, 0), (14, 0), (15, 8)]
Enter Pin number:15
previous angle:8
Enter Angle:r2
[(0, 0), (1, 0), (2, 0), (3, 0), (4, 0), (5, 0), (6, 0), (7, 5), (8, -5), (9, 0), (10, -10), (11, 5), (12, 0), (13, 0), (14, 0), (15, 10)]
Enter Pin number:7
previous angle:5
Enter Angle:r5
[(0, 0), (1, 0), (2, 0), (3, 0), (4, 0), (5, 0), (6, 0), (7, 10), (8, -5), (9, 0), (10, -10), (11, 5), (12, 0), (13, 0), (14, 0), (15, 10)]
Enter Pin number:12
previous angle:0
Enter Angle:r-10
[(0, 0), (1, 0), (2, 0), (3, 0), (4, 0), (5, 0), (6, 0), (7, 10), (8, -5), (9, 0), (10, -10), (11, 5), (12, -10), (13, 0), (14, 0), (15, 10)]
Enter Pin number:12
previous angle:-10
Enter Angle:r-10
[(0, 0), (1, 0), (2, 0), (3, 0), (4, 0), (5, 0), (6, 0), (7, 10), (8, -5), (9, 0), (10, -10), (11, 5), (12, -20), (13, 0), (14, 0), (15, 10)]
Enter Pin number:15
previous angle:10
Enter Angle:-5
[(0, 0), (1, 0), (2, 0), (3, 0), (4, 0), (5, 0), (6, 0), (7, 10), (8, -5), (9, 0), (10, -10), (11, 5), (12, -20), (13, 0), (14, 0), (15, -5)]
Enter Pin number:15
previous angle:-5
Enter Angle:-12
[(0, 0), (1, 0), (2, 0), (3, 0), (4, 0), (5, 0), (6, 0), (7, 10), (8, -5), (9, 0), (10, -10), (11, 5), (12, -20), (13, 0), (14, 0), (15, -12)]
Enter Pin number:10
previous angle:-10
Enter Angle:7
[(0, 0), (1, 0), (2, 0), (3, 0), (4, 0), (5, 0), (6, 0), (7, 10), (8, -5), (9, 0), (10, 7), (11, 5), (12, -20), (13, 0), (14, 0), (15, -12)]
Enter Pin number:8
previous angle:-5
Enter Angle:0
[(0, 0), (1, 0), (2, 0), (3, 0), (4, 0), (5, 0), (6, 0), (7, 10), (8, 0), (9, 0), (10, 7), (11, 5), (12, -20), (13, 0), (14, 0), (15, -12)]
Enter Pin number:11
previous angle:5
Enter Angle:r20
[(0, 0), (1, 0), (2, 0), (3, 0), (4, 0), (5, 0), (6, 0), (7, 10), (8, 0), (9, 0), (10, 7), (11, 25), (12, -20), (13, 0), (14, 0), (15, -12)]
Enter Pin number:11
previous angle:25
Enter Angle:5
[(0, 0), (1, 0), (2, 0), (3, 0), (4, 0), (5, 0), (6, 0), (7, 10), (8, 0), (9, 0), (10, 7), (11, 5), (12, -20), (13, 0), (14, 0), (15, -12)]
Enter Pin number:12
previous angle:-20
Enter Angle:r20
[(0, 0), (1, 0), (2, 0), (3, 0), (4, 0), (5, 0), (6, 0), (7, 10), (8, 0), (9, 0), (10, 7), (11, 5), (12, 0), (13, 0), (14, 0), (15, -12)]
Enter Pin number:12
previous angle:0
Enter Angle:r20
[(0, 0), (1, 0), (2, 0), (3, 0), (4, 0), (5, 0), (6, 0), (7, 10), (8, 0), (9, 0), (10, 7), (11, 5), (12, 20), (13, 0), (14, 0), (15, -12)]
Enter Pin number:12
previous angle:20
Enter Angle:r-10
[(0, 0), (1, 0), (2, 0), (3, 0), (4, 0), (5, 0), (6, 0), (7, 10), (8, 0), (9, 0), (10, 7), (11, 5), (12, 10), (13, 0), (14, 0), (15, -12)]
Enter Pin number:7
previous angle:10
Enter Angle:r-10
[(0, 0), (1, 0), (2, 0), (3, 0), (4, 0), (5, 0), (6, 0), (7, 0), (8, 0), (9, 0), (10, 7), (11, 5), (12, 10), (13, 0), (14, 0), (15, -12)]
Enter Pin number:12
previous angle:10
Enter Angle:r5
[(0, 0), (1, 0), (2, 0), (3, 0), (4, 0), (5, 0), (6, 0), (7, 0), (8, 0), (9, 0), (10, 7), (11, 5), (12, 15), (13, 0), (14, 0), (15, -12)]
Enter Pin number:10
previous angle:7
Enter Angle:r2
[(0, 0), (1, 0), (2, 0), (3, 0), (4, 0), (5, 0), (6, 0), (7, 0), (8, 0), (9, 0), (10, 9), (11, 5), (12, 15), (13, 0), (14, 0), (15, -12)]
Enter Pin number:14 
previous angle:0
Enter Angle:r7
[(0, 0), (1, 0), (2, 0), (3, 0), (4, 0), (5, 0), (6, 0), (7, 0), (8, 0), (9, 0), (10, 9), (11, 5), (12, 15), (13, 0), (14, 7), (15, -12)]
Enter Pin number:12
previous angle:15
Enter Angle:r5
[(0, 0), (1, 0), (2, 0), (3, 0), (4, 0), (5, 0), (6, 0), (7, 0), (8, 0), (9, 0), (10, 9), (11, 5), (12, 20), (13, 0), (14, 7), (15, -12)]
Enter Pin number:7
previous angle:0
Enter Angle:r-5
[(0, 0), (1, 0), (2, 0), (3, 0), (4, 0), (5, 0), (6, 0), (7, -5), (8, 0), (9, 0), (10, 9), (11, 5), (12, 20), (13, 0), (14, 7), (15, -12)]
Enter Pin number:7
previous angle:-5
Enter Angle:r-5
[(0, 0), (1, 0), (2, 0), (3, 0), (4, 0), (5, 0), (6, 0), (7, -10), (8, 0), (9, 0), (10, 9), (11, 5), (12, 20), (13, 0), (14, 7), (15, -12)]
Enter Pin number:10
previous angle:9
Enter Angle:0
[(0, 0), (1, 0), (2, 0), (3, 0), (4, 0), (5, 0), (6, 0), (7, -10), (8, 0), (9, 0), (10, 0), (11, 5), (12, 20), (13, 0), (14, 7), (15, -12)]
Enter Pin number:10
previous angle:0
Enter Angle:-5
[(0, 0), (1, 0), (2, 0), (3, 0), (4, 0), (5, 0), (6, 0), (7, -10), (8, 0), (9, 0), (10, -5), (11, 5), (12, 20), (13, 0), (14, 7), (15, -12)]
Enter Pin number:15
previous angle:-12
Enter Angle:5
[(0, 0), (1, 0), (2, 0), (3, 0), (4, 0), (5, 0), (6, 0), (7, -10), (8, 0), (9, 0), (10, -5), (11, 5), (12, 20), (13, 0), (14, 7), (15, 5)]
Enter Pin number:

















previous angle:-5
Enter Angle:15
[(0, 0), (1, 0), (2, 0), (3, 0), (4, 0), (5, 0), (6, 5), (7, 15), (8, 0), (9, 0), (10, 15), (11, 5), (12, -11), (13, 0), (14, 0), (15, 0)]
Enter Pin number:10
previous angle:15
Enter Angle:10
[(0, 0), (1, 0), (2, 0), (3, 0), (4, 0), (5, 0), (6, 5), (7, 15), (8, 0), (9, 0), (10, 10), (11, 5), (12, -11), (13, 0), (14, 0), (15, 0)]
Enter Pin number:12
previous angle:-11
Enter Angle:10
[(0, 0), (1, 0), (2, 0), (3, 0), (4, 0), (5, 0), (6, 5), (7, 15), (8, 0), (9, 0), (10, 10), (11, 5), (12, 10), (13, 0), (14, 0), (15, 0)]
Enter Pin number:7
previous angle:15
Enter Angle:0
[(0, 0), (1, 0), (2, 0), (3, 0), (4, 0), (5, 0), (6, 5), (7, 0), (8, 0), (9, 0), (10, 10), (11, 5), (12, 10), (13, 0), (14, 0), (15, 0)]
Enter Pin number:7
previous angle:0
Enter Angle:-5
[(0, 0), (1, 0), (2, 0), (3, 0), (4, 0), (5, 0), (6, 5), (7, -5), (8, 0), (9, 0), (10, 10), (11, 5), (12, 10), (13, 0), (14, 0), (15, 0)]
Enter Pin number:12
previous angle:10
Enter Angle:5
[(0, 0), (1, 0), (2, 0), (3, 0), (4, 0), (5, 0), (6, 5), (7, -5), (8, 0), (9, 0), (10, 10), (11, 5), (12, 5), (13, 0), (14, 0), (15, 0)]
Enter Pin number:10
previous angle:10
Enter Angle:0
[(0, 0), (1, 0), (2, 0), (3, 0), (4, 0), (5, 0), (6, 5), (7, -5), (8, 0), (9, 0), (10, 0), (11, 5), (12, 5), (13, 0), (14, 0), (15, 0)]
Enter Pin number:10
previous angle:0
Enter Angle:-5
[(0, 0), (1, 0), (2, 0), (3, 0), (4, 0), (5, 0), (6, 5), (7, -5), (8, 0), (9, 0), (10, -5), (11, 5), (12, 5), (13, 0), (14, 0), (15, 0)]
Enter Pin number:15
previous angle:0
Enter Angle:13
[(0, 0), (1, 0), (2, 0), (3, 0), (4, 0), (5, 0), (6, 5), (7, -5), (8, 0), (9, 0), (10, -5), (11, 5), (12, 5), (13, 0), (14, 0), (15, 13)]
Enter Pin number:

